80.666666667
63.0
61.666666667
60.333333333
64.333333333
43.0
82.666666667
71.0
88.0
53.0
45.666666667
69.666666667
55.333333333
69.666666667
52.666666667
54.333333333
50.666666667
62.666666667
44.333333333
64.333333333
87.333333333
53.333333333
75.0
62.333333333
60.666666667
70.666666667
82.0
58.0
69.666666667
74.0
76.0
45.333333333
56.0
72.0
57.333333333
68.666666667
74.333333333
38.0
82.0
57.333333333
60.333333333
45.666666667
49.0
54.0
80.0
72.333333333
44.333333333
45.0
74.333333333
57.666666667
60.0
78.333333333
93.333333333
65.666666667
78.333333333
62.0
65.333333333
63.0
68.666666667
72.333333333
40.666666667
74.666666667
47.666666667
45.0
55.0
70.666666667
63.333333333
62.333333333
79.666666667
82.0
45.666666667
81.333333333
57.0
71.666666667
66.333333333
56.333333333
60.0
47.0
48.666666667
60.666666667
35.333333333
55.333333333
58.0
65.0
55.333333333
38.0
65.333333333
64.931034483 62.126436782 60.344827586